1114	1
1376	1
1378	1
1806	1
1897	1
1900	3
1901	7
1902	2
1904	1
1906	1
1908	1
1909	2
1910	1
1911	19
1914	1
1917	1
1919	1
1920	33
1921	2
1922	2
1923	11
1924	2
1925	2
1926	2
1927	1
1928	2
1929	7
1930	13
1931	3
1932	5
1933	4
1934	1
1935	3
1936	7
1937	5
1938	7
1939	9
1940	35
1941	10
1942	12
1943	8
1944	4
1945	8
1946	13
1947	14
1948	8
1949	11
1950	31
1951	40
1952	33
1953	63
1954	54
1955	69
1956	74
1957	75
1958	77
1959	102
1960	129
1961	130
1962	121
1963	129
1964	148
1965	170
1966	182
1967	170
1968	226
1969	317
1970	426
1971	492
1972	699
1973	807
1974	929
1975	1147
1976	1521
1977	1833
1978	2086
1979	2153
1980	2626
1981	3224
1982	4124
1983	4422
1984	4900
1985	5256
1986	5765
1987	6441
1988	7391
1989	7820
1990	8560
1991	9250
1992	9708
1993	10391
1994	11498
1995	13192
1996	13626
1997	14466
1998	15367
1999	16980
2000	16863
2001	16976
2002	17298
2003	14054
2004	5745
2005	45
2006	3
2010	2
2011	2
2012	1
2020	3
2021	1
2024	1
2026	1
2030	7
2037	1
2038	1
2050	2
	0
